There are 16 primitive equivalence classes of order 6 and weight 25.

1
[-4 -2 -2 -1  0  0]
[-2 -1  4  2  0  0]
[-2  4  0  0 -2 -1]
[-1  2  0  0  4  2]
[ 0  0 -2  4 -1  2]
[ 0  0 -1  2  2 -4]

2
[-4 -2 -2 -1  0  0]
[-2 -1  4  2  0  0]
[-2  4  0  0 -2 -1]
[-1  2  0  0  4  2]
[ 0  0 -2  4  1 -2]
[ 0  0 -1  2 -2  4]

3
[-4 -2 -2 -1  0  0]
[-2  0  2  4 -1  0]
[-2  3  2 -2  0 -2]
[-1  2  0  0  2  4]
[ 0 -2  2  0  4 -1]
[ 0 -2  3 -2 -2  2]

4
[-4 -2 -2 -1  0  0]
[-2  0  3  2 -2 -2]
[-2  3  0  2  2  2]
[-1  2  2 -4  0  0]
[ 0 -2  2  0 -1  4]
[ 0 -2  2  0  4 -1]

5
[-4 -2 -2 -1  0  0]
[-2  0  4  0 -2 -1]
[-2  4  0  0  1  2]
[-1  0  0  4  2 -2]
[ 0 -2  1  2  0  4]
[ 0 -1  2 -2  4  0]

6
[-4 -2 -2 -1  0  0]
[-2  2  2  0 -3 -2]
[-2  2  2  0  2  3]
[-1  0  0  4  2 -2]
[ 0 -3  2  2 -2  2]
[ 0 -2  3 -2  2 -2]

7
[-3 -3 -2 -1 -1 -1]
[-3  1  1 -1  2  3]
[-2  1  3  1 -3 -1]
[-1 -1  1  3  3 -2]
[-1  2 -3  3 -1  1]
[-1  3 -1 -2  1 -3]

8
[-3 -3 -2 -1 -1 -1]
[-3  1  1 -1  2  3]
[-2  3 -1  1  1 -3]
[-1 -2  3  3  1 -1]
[-1  1 -1  3 -3  2]
[-1  1  3 -2 -3 -1]

9
[-3 -3 -2 -1 -1 -1]
[-3  1  1 -1  2  3]
[-2  3  1 -1 -1 -3]
[-1 -1  1  3  3 -2]
[-1 -1  3  2 -3  1]
[-1  2 -3  3 -1  1]

10
[-3 -3 -2 -1 -1 -1]
[-3  1  3 -2  1  1]
[-2  3 -3  1  1  1]
[-1 -1  1  3 -2  3]
[-1 -1  1  3  3 -2]
[-1  2  1  1 -3 -3]

11
[-3 -3 -2 -1 -1 -1]
[-3  1  3 -1 -1  2]
[-2  3 -3  1  1  1]
[-1 -2  1  3  3  1]
[-1  1  1 -2  3 -3]
[-1  1  1  3 -2 -3]

12
[-3 -3 -2 -1 -1 -1]
[-3  2  3 -1 -1 -1]
[-2  3 -3  1  1  1]
[-1 -1  1 -2  3  3]
[-1 -1  1  3 -2  3]
[-1 -1  1  3  3 -2]

13
[-3 -3 -2 -1 -1 -1]
[-3  3 -1 -1  1  2]
[-2 -1  3  1  3 -1]
[-1 -1  1  3 -2  3]
[-1  1  3 -2 -3 -1]
[-1  2 -1  3 -1 -3]

14
[-3 -3 -2 -1 -1 -1]
[-3  3 -1 -1  1  2]
[-2  1  1  3  1 -3]
[-1 -2  3 -1  3  1]
[-1 -1  1  3 -2  3]
[-1  1  3 -2 -3 -1]

15
[-3 -3 -2 -1 -1 -1]
[-3  3 -1 -1  1  2]
[-2  1  3  1 -3 -1]
[-1 -2  1  3  1  3]
[-1 -1  3 -2  3 -1]
[-1  1 -1  3  2 -3]

16
[-3 -2 -2 -2 -2  0]
[-2 -2  0  2  3 -2]
[-2  0  2  3 -2  2]
[-2  2  3 -2  0 -2]
[-2  3 -2  0  2  2]
[ 0 -2  2 -2  2  3]

Transpose equivalence pairs: [(8, 9), (10, 11), (14, 15)]

Serial number   |    Automorphism group type    |      Generators (L,R)    |   Size of class
--------------------------------------------------------------------------------------------------
1     |      [12, 1]       |    [((6, -5, -4, 3, 2, -1), (-6, 5, 4, -3, -2, 1)), ((-5, -6, -2, 1, -4, 3), (-5, -6, -2, 1, -4, 3))]   | 176947200   

2     |      [12, 1]       |    [((2, -1, -5, -6, 3, 4), (3, 4, -1, -2, 6, -5)), ((5, 6, 2, -1, -4, 3), (5, 6, 2, -1, -4, 3))]   | 176947200   

3     |      [4, 1]       |    [((-5, -4, 6, 2, 1, -3), (-5, -3, 2, 6, 1, -4))]   | 530841600   

4     |      [32, 27]       |    [((1, 3, 2, 4, -5, -6), (1, 3, 2, 4, -5, -6)), ((1, 2, 3, 4, 6, 5), (1, 2, 3, 4, 6, 5)), ((6, -2, 3, -5, -4, 1), (-5, 2, -3, 6, -1, 4))]   | 66355200   

5     |      [24, 5]       |    [((1, 3, 2, 4, -6, -5), (1, 3, 2, 4, -6, -5)), ((3, -5, -1, -6, 2, 4), (2, -1, 6, 5, -4, -3))]   | 88473600   

6     |      [16, 3]       |    [((1, 2, 3, 4, -6, -5), (1, 3, 2, 4, 5, 6)), ((-4, -5, 6, 1, 2, -3), (-4, -5, 6, 1, 2, -3))]   | 132710400   

7     |      [24, 5]       |    [((6, -2, 4, 3, -5, 1), (6, -2, 4, 3, -5, 1)), ((5, -3, 1, -2, 6, -4), (5, -3, 1, -2, 6, -4))]   | 88473600   

8     |      [8, 2]       |    [((2, 1, 3, 5, 4, 6), (1, -6, -5, 4, -3, -2)), ((-5, -4, 6, 2, 1, -3), (-4, 5, -6, 1, -2, 3))]   | 265420800   

10     |      [16, 3]       |    [((1, 2, 3, 5, 4, 6), (1, 2, 3, 4, 6, 5)), ((5, -6, -4, -1, 3, 2), (6, 4, -5, -2, -1, 3))]   | 132710400   

12     |      [144, 115]       |    [((2, 1, 3, 4, 5, 6), (1, -3, -2, 4, 5, 6)), ((5, 6, -4, -1, 3, -2), (5, 6, -4, -1, 3, -2))]   | 14745600   

13     |      [12, 1]       |    [((-2, 1, -6, -5, 4, 3), (-2, 1, -6, -5, 4, 3)), ((5, -3, 4, -2, 6, 1), (6, -4, -2, 3, 1, 5))]   | 176947200   

14     |      [12, 1]       |    [((4, -6, -5, -1, 3, 2), (5, 3, -2, 6, -1, -4)), ((3, 5, -6, -2, -4, -1), (3, -5, -4, -1, -6, 2))]   | 176947200   

16     |      [48, 30]       |    [((1, 3, 4, 5, 2, -6), (1, 3, 4, 5, 2, -6)), ((2, -3, -1, 5, 6, 4), (4, 3, 6, -5, -1, 2))]   | 44236800   

Total number of primitive matrices of size 6 and weight 25 is: 2646835200
