There are 21 primitive equivalence classes of order 7 and weight 25.

1
[-4 -2 -2 -1  0  0  0]
[-2  0  4  0 -2 -1  0]
[-2  3  0  2  2  0 -2]
[-1  2  0  0  0  2  4]
[ 0 -2  0  4 -1  2  0]
[ 0 -2  2  0  4  0  1]
[ 0  0 -1  2  0 -4  2]

2
[-4 -2 -2 -1  0  0  0]
[-2  1  1  4 -1 -1 -1]
[-1 -1  3  0 -1  2  3]
[-1  0  3 -2  1 -3 -1]
[-1  1  1  0  3  3 -2]
[-1  3 -1  0  2 -1  3]
[-1  3  0 -2 -3  1 -1]

3
[-4 -2 -2 -1  0  0  0]
[-2  1  1  4 -1 -1 -1]
[-1 -1  4 -2 -1 -1 -1]
[-1  1  1  0 -2  3  3]
[-1  1  1  0  3 -2  3]
[-1  1  1  0  3  3 -2]
[-1  4 -1 -2 -1 -1 -1]

4
[-4 -2 -2 -1  0  0  0]
[-2  1  2  2 -2 -2 -2]
[-2  2  1  2  2  2  2]
[-1  2  2 -4  0  0  0]
[ 0 -2  2  0 -3  2  2]
[ 0 -2  2  0  2 -3  2]
[ 0 -2  2  0  2  2 -3]

5
[-4 -2 -2 -1  0  0  0]
[-2  1  2  2 -2 -2 -2]
[-2  2  2  0  0  2  3]
[-1  2  0  0  4  0 -2]
[ 0 -2  0  4  1  2  0]
[ 0 -2  2  0  2 -3  2]
[ 0 -2  3 -2  0  2 -2]

6
[-4 -2 -2 -1  0  0  0]
[-2  1  3  0 -3 -1 -1]
[-1 -1  1  4  1 -1  2]
[-1  0  3 -2  3  1  1]
[-1  1  0  2  1  3 -3]
[-1  3 -1  0 -1  2  3]
[-1  3 -1  0  2 -3 -1]

7
[-4 -2 -2 -1  0  0  0]
[-2  1  3  0 -3 -1 -1]
[-1 -1  1  4  2 -1 -1]
[-1  0  3 -2  3  1  1]
[-1  1  0  2 -1  3  3]
[-1  3 -1  0  1 -3  2]
[-1  3 -1  0  1  2 -3]

8
[-4 -2 -2 -1  0  0  0]
[-2  1  3  0 -3 -1 -1]
[-1 -1  3  0  2  1  3]
[-1  0  1  2  3 -1 -3]
[-1  1 -1  4 -1  2  1]
[-1  3 -1  0  1 -3  2]
[-1  3  0 -2  1  3 -1]

9
[-4 -2 -2 -1  0  0  0]
[-2  1  3  0 -3 -1 -1]
[-1 -1  3  0  3 -1  2]
[-1  1 -1  4  1 -2 -1]
[-1  1  0  2 -1  3  3]
[-1  1  1  0  2  3 -3]
[-1  4 -1 -2  1 -1  1]

10
[-4 -2 -1 -1 -1 -1 -1]
[-2 -1  2  2  2  2  2]
[-1  2 -4  1  1  1  1]
[-1  2  1 -4  1  1  1]
[-1  2  1  1 -4  1  1]
[-1  2  1  1  1 -4  1]
[-1  2  1  1  1  1 -4]

11
[-4 -2 -1 -1 -1 -1 -1]
[-2 -1  2  2  2  2  2]
[-1  2 -4  1  1  1  1]
[-1  2  1 -3 -1  0  3]
[-1  2  1 -1  0  3 -3]
[-1  2  1  0  3 -3 -1]
[-1  2  1  3 -3 -1  0]

12
[-4 -2 -1 -1 -1 -1 -1]
[-2 -1  2  2  2  2  2]
[-1  2 -3 -1  0  1  3]
[-1  2 -1  4 -1 -1 -1]
[-1  2  0 -1  1  3 -3]
[-1  2  1 -1  3 -3  0]
[-1  2  3 -1 -3  0  1]

13
[-4 -2 -1 -1 -1 -1 -1]
[-2 -1  2  2  2  2  2]
[-1  2 -1 -1 -1 -1  4]
[-1  2 -1 -1 -1  4 -1]
[-1  2 -1 -1  4 -1 -1]
[-1  2 -1  4 -1 -1 -1]
[-1  2  4 -1 -1 -1 -1]

14
[-4 -2 -1 -1 -1 -1 -1]
[-2  3 -2  0  0  2  2]
[-1 -2  0  3  3  1  1]
[-1  0  3 -3  2  1  1]
[-1  0  3  2 -3  1  1]
[-1  2  1  1  1 -4  1]
[-1  2  1  1  1  1 -4]

15
[-4 -2 -1 -1 -1 -1 -1]
[-2  3 -2  0  0  2  2]
[-1 -2  0  3  3  1  1]
[-1  0  3 -2  1 -1  3]
[-1  0  3  1 -2  3 -1]
[-1  2  1 -1  3  0 -3]
[-1  2  1  3 -1 -3  0]

16
[-4 -2 -1 -1 -1 -1 -1]
[-2  3 -2  0  0  2  2]
[-1 -2  1  1  3  0  3]
[-1  0  1  1  2  3 -3]
[-1  0  3  2 -3  1  1]
[-1  2  0  3  1 -3 -1]
[-1  2  3 -3  1 -1  0]

17
[-3 -3 -2 -1 -1 -1  0]
[-3  0  2  1  1  3 -1]
[-2  2 -1  2  2 -2  2]
[-1  1  2 -3 -1  0  3]
[-1  1  2 -1  0 -3 -3]
[-1  3 -2  0 -3  1 -1]
[ 0 -1  2  3 -3 -1  1]

18
[-3 -3 -2 -1 -1 -1  0]
[-3  1  0  1  2  3 -1]
[-2  0  3  2  0 -2  2]
[-1  1  2 -1 -3  0 -3]
[-1  2  0 -3 -1  1  3]
[-1  3 -2  0  1 -3 -1]
[ 0 -1  2 -3  3 -1 -1]

19
[-3 -3 -2 -1 -1 -1  0]
[-3  1  2 -1  0  3 -1]
[-2  3  0 -1  1 -3  1]
[-1 -1  0  2  3  1  3]
[-1  0  2  3 -3 -1  1]
[-1  1 -2  3  1  0 -3]
[ 0 -2  3  0  2 -2 -2]

20
[-3 -3 -2 -1 -1 -1  0]
[-3  1  2 -1  0  3 -1]
[-2  3  0  1 -1 -3 -1]
[-1 -1  2  3 -1  0  3]
[-1  0 -2  3  3  1 -1]
[-1  1  0 -2  3 -1  3]
[ 0 -2  3  0  2 -2 -2]

21
[-3 -2 -2 -2 -2  0  0]
[-2 -2  1  2  2 -2 -2]
[-2  1 -2  2  2  2  2]
[-2  2  2 -2  1 -2  2]
[-2  2  2  1 -2  2 -2]
[ 0 -2  2 -2  2  3  0]
[ 0 -2  2  2 -2  0  3]

Transpose equivalence pairs: [(6, 8), (19, 20)]

Serial number   |    Automorphism group type    |      Generators (L,R)    |   Size of class
--------------------------------------------------------------------------------------------------
1     |      [8, 2]       |>>>>>>>>>>>>>>>>>>>>>>>>>>>>>>>>>>>>>>>>>>>>>>>>>>>>>>>>>> [((-4, -7, 3, -6, 1, 5, 2), (-4, 2, -6, 5, -7, 3, 1)), ((-1, -2, -3, -4, -5, -6, -7), (-1, -2, -3, -4, -5, -6, -7))]   | 52022476800>>>>>>>>>>>>>>>>>>>>>>>>>>>>>>>>>>>>>>>>>>>>>>>>>>>>>>>>>>>

2     |      [4, 2]       |>>>>>>>>>>>>>>>>>>>>>>>>>>>>>>>>>>>>>>>>>>>>>>>>>>>>>>>>>>>>> [((-1, -2, -3, -4, -5, -6, -7), (-1, -2, -3, -4, -5, -6, -7)), ((1, 2, 6, 7, 5, 3, 4), (1, 3, 2, 4, 6, 5, 7))]   | 104044953600>>>>>>>>>>>>>>>>>>>>>>>>>>>>>>>>>>>>>>>>>>>>>>>>>>>>>>>>>>>>>

3     |      [24, 14]       |>>>>>>>>>>>>>>>>>>>>>>>>>>>>>>>>>>>>> [((1, 2, 3, 6, 5, 4, 7), (1, 2, 3, 4, 7, 6, 5)), ((-1, -2, -3, -4, -5, -6, -7), (-1, -2, -3, -4, -5, -6, -7)), ((1, 2, 7, 4, 6, 5, 3), (1, 3, 2, 4, 5, 7, 6))]   | 17340825600>>>>>>>>>>>>>>>>>>>>>>>>>>>>>>>>>>>>>>

4     |      [48, 51]       |>>>>>> [((1, 2, 3, 4, 5, 7, 6), (1, 2, 3, 4, 5, 7, 6)), ((4, -2, -3, 1, -7, -6, -5), (4, -2, -3, 1, -7, -6, -5)), ((1, 3, 2, 4, -7, -6, -5), (1, 3, 2, 4, -7, -6, -5)), ((-1, -2, -3, -4, -5, -6, -7), (-1, -2, -3, -4, -5, -6, -7))]   | 8670412800>>>>>>

5     |      [6, 2]       |>>>>>>>>>>>>>>>>>>>>>>>>>>>>>>>>>>>>>>>>>>>>>>>>>>>>>>>>>>>>>>>>>>>>>>>>>>>>>>>>>>>>>>>>> [((4, -2, 6, 5, -1, -7, 3), (4, -2, 6, 5, -1, -7, 3))]   | 69363302400>>>>>>>>>>>>>>>>>>>>>>>>>>>>>>>>>>>>>>>>>>>>>>>>>>>>>>>>>>>>>>>>>>>>>>>>>>>>>>>>>>>>>>>>>>

6     |      [2, 1]       |>>>>>>>>>>>>>>>>>>>>>>>>>>>>>>>>>>>>>>>>>>>>>>>>>>>>>>>>>>>>>>>>>>>>>>>>>>>>>>>>>>>>> [((-1, -2, -3, -4, -5, -6, -7), (-1, -2, -3, -4, -5, -6, -7))]   | 208089907200>>>>>>>>>>>>>>>>>>>>>>>>>>>>>>>>>>>>>>>>>>>>>>>>>>>>>>>>>>>>>>>>>>>>>>>>>>>>>>>>>>>>>

7     |      [4, 2]       |>>>>>>>>>>>>>>>>>>>>>>>>>>>>>>>>>>>>>>>>>>>>>>>>>>>>>>>>>>>>> [((-1, -2, -3, -4, -5, -6, -7), (-1, -2, -3, -4, -5, -6, -7)), ((1, 2, 3, 4, 5, 7, 6), (1, 2, 3, 4, 5, 7, 6))]   | 104044953600>>>>>>>>>>>>>>>>>>>>>>>>>>>>>>>>>>>>>>>>>>>>>>>>>>>>>>>>>>>>>

9     |      [2, 1]       |>>>>>>>>>>>>>>>>>>>>>>>>>>>>>>>>>>>>>>>>>>>>>>>>>>>>>>>>>>>>>>>>>>>>>>>>>>>>>>>>>>>>> [((-1, -2, -3, -4, -5, -6, -7), (-1, -2, -3, -4, -5, -6, -7))]   | 208089907200>>>>>>>>>>>>>>>>>>>>>>>>>>>>>>>>>>>>>>>>>>>>>>>>>>>>>>>>>>>>>>>>>>>>>>>>>>>>>>>>>>>>>

10     |      [1440, 5842]       |>>>>>>>>>>>>>>>>>>>>>>>>>>>>>>>>>>>>>>>>>>>>>>>>>>>>>>>>>>> [((3, -2, -7, -5, -6, -4, 1), (7, -2, 1, -6, -4, -5, -3)), ((4, -2, -7, 1, -5, -3, -6), (4, -2, -6, 1, -5, -7, -3))]   | 289013760>>>>>>>>>>>>>>>>>>>>>>>>>>>>>>>>>>>>>>>>>>>>>>>>>>>>>>>>>>>>

11     |      [16, 10]       |>>>>>>>>>>>>>>>>>>>>>>>>>>>>>>>>>>> [((1, 2, 3, 5, 6, 7, 4), (1, 2, 3, 5, 6, 7, 4)), ((-1, -2, -3, -4, -5, -6, -7), (-1, -2, -3, -4, -5, -6, -7)), ((-3, 2, -1, 4, 5, 6, 7), (-3, 2, -1, 4, 5, 6, 7))]   | 26011238400>>>>>>>>>>>>>>>>>>>>>>>>>>>>>>>>>>>>

12     |      [8, 2]       |>>>>>>>>>>>>>>>>>>>>>>>>>>>>>>>>>>>>>>>>>>>>>>>>>>>>>>>>>>>>> [((1, 2, 5, 4, 6, 7, 3), (1, 2, 5, 4, 6, 7, 3)), ((-1, -2, -3, -4, -5, -6, -7), (-1, -2, -3, -4, -5, -6, -7))]   | 52022476800>>>>>>>>>>>>>>>>>>>>>>>>>>>>>>>>>>>>>>>>>>>>>>>>>>>>>>>>>>>>>>

13     |      [240, 189]       |>>>>>>>>>>>>>>>>>>>>>>>>>>>>>>>>>>>>>>>>>>>>>>>>>>>>>>> [((-1, -2, -7, -6, -3, -5, -4), (-1, -2, -7, -6, -4, -3, -5)), ((-1, -2, -5, -6, -7, -4, -3), (-1, -2, -5, -6, -7, -4, -3))]   | 1734082560>>>>>>>>>>>>>>>>>>>>>>>>>>>>>>>>>>>>>>>>>>>>>>>>>>>>>>>

14     |      [24, 14]       |>>>>>>>>>>>>>>>>>>>>>>>>>>>>>>>>>>> [((1, 2, 3, 4, 5, 7, 6), (1, 2, 3, 4, 5, 7, 6)), ((-1, -2, -3, -4, -5, -6, -7), (-1, -2, -3, -4, -5, -6, -7)), ((-7, 2, 3, 5, 4, 6, -1), (-7, 2, 3, 5, 4, 6, -1))]   | 17340825600>>>>>>>>>>>>>>>>>>>>>>>>>>>>>>>>>>>>

15     |      [4, 2]       |>>>>>>>>>>>>>>>>>>>>>>>>>>>>>>>>>>>>>>>>>>>>>>>>>>>>>>>>>>>>> [((1, 2, 3, 5, 4, 7, 6), (1, 2, 3, 5, 4, 7, 6)), ((-1, -2, -3, -4, -5, -6, -7), (-1, -2, -3, -4, -5, -6, -7))]   | 104044953600>>>>>>>>>>>>>>>>>>>>>>>>>>>>>>>>>>>>>>>>>>>>>>>>>>>>>>>>>>>>>

16     |      [2, 1]       |>>>>>>>>>>>>>>>>>>>>>>>>>>>>>>>>>>>>>>>>>>>>>>>>>>>>>>>>>>>>>>>>>>>>>>>>>>>>>>>>>>>>> [((-1, -2, -3, -4, -5, -6, -7), (-1, -2, -3, -4, -5, -6, -7))]   | 208089907200>>>>>>>>>>>>>>>>>>>>>>>>>>>>>>>>>>>>>>>>>>>>>>>>>>>>>>>>>>>>>>>>>>>>>>>>>>>>>>>>>>>>>

17     |      [6, 2]       |>>>>>>>>>>>>>>>>>>>>>>>>>>>>>>>>>>>>>>>>>>>>>>>>>>>>>>>>>>>>>>>>>>>>>>>>>>>>>>>>>>>>>>>>> [((7, 6, -3, -2, 1, 4, -5), (7, 6, -3, -2, 1, 4, -5))]   | 69363302400>>>>>>>>>>>>>>>>>>>>>>>>>>>>>>>>>>>>>>>>>>>>>>>>>>>>>>>>>>>>>>>>>>>>>>>>>>>>>>>>>>>>>>>>>>

18     |      [8, 2]       |>>>>>>>>>>>>>>>>>>>>>>>>>>>>>>>>>>>>>>>>>>>>>>>>>>>>>>>> [((-4, 5, 3, -6, -2, -7, -1), (-4, 5, 3, -6, -2, -7, -1)), ((-1, -2, -3, -4, -5, -6, -7), (-1, -2, -3, -4, -5, -6, -7))]   | 52022476800>>>>>>>>>>>>>>>>>>>>>>>>>>>>>>>>>>>>>>>>>>>>>>>>>>>>>>>>>

19     |      [8, 2]       |>>>>>>>>>>>>>>>>>>>>>>>>>>>>>>>>>>>>>>>>>>>>>>>>>>>>>>>>>> [((6, 5, 4, -3, -1, -2, 7), (4, -5, 3, -1, -6, 7, 2)), ((-1, -2, -3, -4, -5, -6, -7), (-1, -2, -3, -4, -5, -6, -7))]   | 52022476800>>>>>>>>>>>>>>>>>>>>>>>>>>>>>>>>>>>>>>>>>>>>>>>>>>>>>>>>>>>

21     |      [48, 48]       |>>>>>>>>>>>>>>>>>>>>>>>>>>>>>>>>>>>>>>>>>>>>>>>>>>>>>>>>>>>>>>>>> [((1, 4, 5, 3, 2, -7, 6), (1, 5, 4, 2, 3, 7, -6)), ((6, 5, -2, -4, 3, 7, -1), (7, 4, -2, 3, -5, -1, 6))]   | 8670412800>>>>>>>>>>>>>>>>>>>>>>>>>>>>>>>>>>>>>>>>>>>>>>>>>>>>>>>>>>>>>>>>>

Total number of primitive matrices of size 7 and weight 25 is: 1623390289920
