<<<<<<< HEAD
[ 0 -1  0  1 -1 -1  0  0 -1  0 -1  0  0  1  1  0  0 -1  0]
[-1  0  0 -1 -1  1  0 -1  0 -1  0  0  1  1  0  0 -1  0  0]
[ 0  0 -1 -1  1 -1 -1  0  0  0  0 -1  1  0  1 -1  0  0  0]
[ 1 -1 -1  0  0 -1  0 -1  0  0  1  1  0  0 -1  0 -1  0  0]
[-1 -1  1  0 -1  0 -1  0  0  1  1  0  0 -1  0 -1  0  0  0]
[-1  1 -1 -1  0  0  0  0 -1  1  0  1 -1  0  0  0  0 -1  0]
[ 0  0 -1  0 -1  0  1 -1 -1  0  0 -1  0 -1  0  0  1  1  0]
[ 0 -1  0 -1  0  0 -1 -1  1  0 -1  0 -1  0  0  1  1  0  0]
[-1  0  0  0  0 -1 -1  1 -1 -1  0  0  0  0 -1  1  0  1  0]
[ 0 -1  0  0  1  1  0  0 -1  1  0 -1  0  0  0  1 -1  0  1]
[-1  0  0  1  1  0  0 -1  0  0 -1  1  0  0  0 -1  0  1  1]
[ 0  0 -1  1  0  1 -1  0  0 -1  1  0  0  0  0  0  1 -1  1]
[ 0  1  1  0  0 -1  0 -1  0  0  0  0  1 -1  0  1  0 -1  1]
[ 1  1  0  0 -1  0 -1  0  0  0  0  0 -1  0  1  0 -1  1  1]
[ 1  0  1 -1  0  0  0  0 -1  0  0  0  0  1 -1 -1  1  0  1]
[ 0  0 -1  0 -1  0  0  1  1  1 -1  0  1  0 -1  0  0  0  1]
[ 0 -1  0 -1  0  0  1  1  0 -1  0  1  0 -1  1  0  0  0  1]
[-1  0  0  0  0 -1  1  0  1  0  1 -1 -1  1  0  0  0  0  1]
[ 0  0  0  0  0  0  0  0  0  1  1  1  1  1  1  1  1  1  0]
=======
[ 0 -1  0  1 -1 -1  0  0 -1  0 -1  0  0  1  1  0  0 -1  0]
[-1  0  0 -1 -1  1  0 -1  0 -1  0  0  1  1  0  0 -1  0  0]
[ 0  0 -1 -1  1 -1 -1  0  0  0  0 -1  1  0  1 -1  0  0  0]
[ 1 -1 -1  0  0 -1  0 -1  0  0  1  1  0  0 -1  0 -1  0  0]
[-1 -1  1  0 -1  0 -1  0  0  1  1  0  0 -1  0 -1  0  0  0]
[-1  1 -1 -1  0  0  0  0 -1  1  0  1 -1  0  0  0  0 -1  0]
[ 0  0 -1  0 -1  0  1 -1 -1  0  0 -1  0 -1  0  0  1  1  0]
[ 0 -1  0 -1  0  0 -1 -1  1  0 -1  0 -1  0  0  1  1  0  0]
[-1  0  0  0  0 -1 -1  1 -1 -1  0  0  0  0 -1  1  0  1  0]
[ 0 -1  0  0  1  1  0  0 -1  1  0 -1  0  0  0  1 -1  0  1]
[-1  0  0  1  1  0  0 -1  0  0 -1  1  0  0  0 -1  0  1  1]
[ 0  0 -1  1  0  1 -1  0  0 -1  1  0  0  0  0  0  1 -1  1]
[ 0  1  1  0  0 -1  0 -1  0  0  0  0  1 -1  0  1  0 -1  1]
[ 1  1  0  0 -1  0 -1  0  0  0  0  0 -1  0  1  0 -1  1  1]
[ 1  0  1 -1  0  0  0  0 -1  0  0  0  0  1 -1 -1  1  0  1]
[ 0  0 -1  0 -1  0  0  1  1  1 -1  0  1  0 -1  0  0  0  1]
[ 0 -1  0 -1  0  0  1  1  0 -1  0  1  0 -1  1  0  0  0  1]
[-1  0  0  0  0 -1  1  0  1  0  1 -1 -1  1  0  0  0  0  1]
[ 0  0  0  0  0  0  0  0  0  1  1  1  1  1  1  1  1  1  0]
>>>>>>> af334dc (Add files via upload)
