<<<<<<< HEAD
[-1  1  1  1  1  1  1  1  1 -1  1 -1 -1  0  1  1 -1  1 -1 -1  0  1  1 -1  1 -1 -1  0]
[ 1 -1  1  1  1  1  1  1 -1  1 -1 -1  0  1  1 -1  1 -1 -1  0  1  1 -1  1 -1 -1  0  1]
[ 1  1 -1  1  1  1  1 -1  1 -1 -1  0  1  1 -1  1 -1 -1  0  1  1 -1  1 -1 -1  0  1  1]
[ 1  1  1 -1  1  1  1  1 -1 -1  0  1  1 -1  1 -1 -1  0  1  1 -1  1 -1 -1  0  1  1 -1]
[ 1  1  1  1 -1  1  1 -1 -1  0  1  1 -1  1 -1 -1  0  1  1 -1  1 -1 -1  0  1  1 -1  1]
[ 1  1  1  1  1 -1  1 -1  0  1  1 -1  1 -1 -1  0  1  1 -1  1 -1 -1  0  1  1 -1  1 -1]
[ 1  1  1  1  1  1 -1  0  1  1 -1  1 -1 -1  0  1  1 -1  1 -1 -1  0  1  1 -1  1 -1 -1]
[ 1  1 -1  1 -1 -1  0 -1 -1  1 -1  1  1  0  1 -1 -1 -1 -1 -1 -1  1  1 -1  1 -1 -1  0]
[ 1 -1  1 -1 -1  0  1 -1  1 -1  1  1  0 -1 -1  1 -1 -1 -1 -1 -1  1 -1  1 -1 -1  0  1]
[-1  1 -1 -1  0  1  1  1 -1  1  1  0 -1 -1 -1 -1  1 -1 -1 -1 -1 -1  1 -1 -1  0  1  1]
[ 1 -1 -1  0  1  1 -1 -1  1  1  0 -1 -1  1 -1 -1 -1  1 -1 -1 -1  1 -1 -1  0  1  1 -1]
[-1 -1  0  1  1 -1  1  1  1  0 -1 -1  1 -1 -1 -1 -1 -1  1 -1 -1 -1 -1  0  1  1 -1  1]
[-1  0  1  1 -1  1 -1  1  0 -1 -1  1 -1  1 -1 -1 -1 -1 -1  1 -1 -1  0  1  1 -1  1 -1]
[ 0  1  1 -1  1 -1 -1  0 -1 -1  1 -1  1  1 -1 -1 -1 -1 -1 -1  1  0  1  1 -1  1 -1 -1]
[ 1  1 -1  1 -1 -1  0  1 -1 -1 -1 -1 -1 -1  1  1 -1  1 -1 -1  0 -1 -1  1 -1  1  1  0]
[ 1 -1  1 -1 -1  0  1 -1  1 -1 -1 -1 -1 -1  1 -1  1 -1 -1  0  1 -1  1 -1  1  1  0 -1]
[-1  1 -1 -1  0  1  1 -1 -1  1 -1 -1 -1 -1 -1  1 -1 -1  0  1  1  1 -1  1  1  0 -1 -1]
[ 1 -1 -1  0  1  1 -1 -1 -1 -1  1 -1 -1 -1  1 -1 -1  0  1  1 -1 -1  1  1  0 -1 -1  1]
[-1 -1  0  1  1 -1  1 -1 -1 -1 -1  1 -1 -1 -1 -1  0  1  1 -1  1  1  1  0 -1 -1  1 -1]
[-1  0  1  1 -1  1 -1 -1 -1 -1 -1 -1  1 -1 -1  0  1  1 -1  1 -1  1  0 -1 -1  1 -1  1]
[ 0  1  1 -1  1 -1 -1 -1 -1 -1 -1 -1 -1  1  0  1  1 -1  1 -1 -1  0 -1 -1  1 -1  1  1]
[ 1  1 -1  1 -1 -1  0  1  1 -1  1 -1 -1  0 -1 -1  1 -1  1  1  0  1 -1 -1 -1 -1 -1 -1]
[ 1 -1  1 -1 -1  0  1  1 -1  1 -1 -1  0  1 -1  1 -1  1  1  0 -1 -1  1 -1 -1 -1 -1 -1]
[-1  1 -1 -1  0  1  1 -1  1 -1 -1  0  1  1  1 -1  1  1  0 -1 -1 -1 -1  1 -1 -1 -1 -1]
[ 1 -1 -1  0  1  1 -1  1 -1 -1  0  1  1 -1 -1  1  1  0 -1 -1  1 -1 -1 -1  1 -1 -1 -1]
[-1 -1  0  1  1 -1  1 -1 -1  0  1  1 -1  1  1  1  0 -1 -1  1 -1 -1 -1 -1 -1  1 -1 -1]
[-1  0  1  1 -1  1 -1 -1  0  1  1 -1  1 -1  1  0 -1 -1  1 -1  1 -1 -1 -1 -1 -1  1 -1]
=======
[-1  1  1  1  1  1  1  1  1 -1  1 -1 -1  0  1  1 -1  1 -1 -1  0  1  1 -1  1 -1 -1  0]
[ 1 -1  1  1  1  1  1  1 -1  1 -1 -1  0  1  1 -1  1 -1 -1  0  1  1 -1  1 -1 -1  0  1]
[ 1  1 -1  1  1  1  1 -1  1 -1 -1  0  1  1 -1  1 -1 -1  0  1  1 -1  1 -1 -1  0  1  1]
[ 1  1  1 -1  1  1  1  1 -1 -1  0  1  1 -1  1 -1 -1  0  1  1 -1  1 -1 -1  0  1  1 -1]
[ 1  1  1  1 -1  1  1 -1 -1  0  1  1 -1  1 -1 -1  0  1  1 -1  1 -1 -1  0  1  1 -1  1]
[ 1  1  1  1  1 -1  1 -1  0  1  1 -1  1 -1 -1  0  1  1 -1  1 -1 -1  0  1  1 -1  1 -1]
[ 1  1  1  1  1  1 -1  0  1  1 -1  1 -1 -1  0  1  1 -1  1 -1 -1  0  1  1 -1  1 -1 -1]
[ 1  1 -1  1 -1 -1  0 -1 -1  1 -1  1  1  0  1 -1 -1 -1 -1 -1 -1  1  1 -1  1 -1 -1  0]
[ 1 -1  1 -1 -1  0  1 -1  1 -1  1  1  0 -1 -1  1 -1 -1 -1 -1 -1  1 -1  1 -1 -1  0  1]
[-1  1 -1 -1  0  1  1  1 -1  1  1  0 -1 -1 -1 -1  1 -1 -1 -1 -1 -1  1 -1 -1  0  1  1]
[ 1 -1 -1  0  1  1 -1 -1  1  1  0 -1 -1  1 -1 -1 -1  1 -1 -1 -1  1 -1 -1  0  1  1 -1]
[-1 -1  0  1  1 -1  1  1  1  0 -1 -1  1 -1 -1 -1 -1 -1  1 -1 -1 -1 -1  0  1  1 -1  1]
[-1  0  1  1 -1  1 -1  1  0 -1 -1  1 -1  1 -1 -1 -1 -1 -1  1 -1 -1  0  1  1 -1  1 -1]
[ 0  1  1 -1  1 -1 -1  0 -1 -1  1 -1  1  1 -1 -1 -1 -1 -1 -1  1  0  1  1 -1  1 -1 -1]
[ 1  1 -1  1 -1 -1  0  1 -1 -1 -1 -1 -1 -1  1  1 -1  1 -1 -1  0 -1 -1  1 -1  1  1  0]
[ 1 -1  1 -1 -1  0  1 -1  1 -1 -1 -1 -1 -1  1 -1  1 -1 -1  0  1 -1  1 -1  1  1  0 -1]
[-1  1 -1 -1  0  1  1 -1 -1  1 -1 -1 -1 -1 -1  1 -1 -1  0  1  1  1 -1  1  1  0 -1 -1]
[ 1 -1 -1  0  1  1 -1 -1 -1 -1  1 -1 -1 -1  1 -1 -1  0  1  1 -1 -1  1  1  0 -1 -1  1]
[-1 -1  0  1  1 -1  1 -1 -1 -1 -1  1 -1 -1 -1 -1  0  1  1 -1  1  1  1  0 -1 -1  1 -1]
[-1  0  1  1 -1  1 -1 -1 -1 -1 -1 -1  1 -1 -1  0  1  1 -1  1 -1  1  0 -1 -1  1 -1  1]
[ 0  1  1 -1  1 -1 -1 -1 -1 -1 -1 -1 -1  1  0  1  1 -1  1 -1 -1  0 -1 -1  1 -1  1  1]
[ 1  1 -1  1 -1 -1  0  1  1 -1  1 -1 -1  0 -1 -1  1 -1  1  1  0  1 -1 -1 -1 -1 -1 -1]
[ 1 -1  1 -1 -1  0  1  1 -1  1 -1 -1  0  1 -1  1 -1  1  1  0 -1 -1  1 -1 -1 -1 -1 -1]
[-1  1 -1 -1  0  1  1 -1  1 -1 -1  0  1  1  1 -1  1  1  0 -1 -1 -1 -1  1 -1 -1 -1 -1]
[ 1 -1 -1  0  1  1 -1  1 -1 -1  0  1  1 -1 -1  1  1  0 -1 -1  1 -1 -1 -1  1 -1 -1 -1]
[-1 -1  0  1  1 -1  1 -1 -1  0  1  1 -1  1  1  1  0 -1 -1  1 -1 -1 -1 -1 -1  1 -1 -1]
[-1  0  1  1 -1  1 -1 -1  0  1  1 -1  1 -1  1  0 -1 -1  1 -1  1 -1 -1 -1 -1 -1  1 -1]
>>>>>>> af334dc (Add files via upload)
[ 0  1  1 -1  1 -1 -1  0  1  1 -1  1 -1 -1  0 -1 -1  1 -1  1  1 -1 -1 -1 -1 -1 -1  1]